1548111986
2133400831
2143752787
274232562
407106400
1931366507
816158911
159497942
692292112
111791525
1655363996
1082333720
584145251
1056709077
833499466
981371192
2134854903
176890844
1152899852
527618360
1792437355
1859748311
2071195548
1368345229
80270612
794431157
1681606566
939719643
1233954326
24200990
133881021
634582664
10118173
130150160
908815227
417224573
2061516667
1724974138
576722515
606325131
1836765663
84602863
1688658851
273427266
1141311940
374674669
1254798459
1128683195
551565514
260214663
1656301556
196519221
2119962974
1580013456
1564864450
52749938
226960965
1098987368
992469581
1460915292
1123188358
1126350602
2095497956
1133306531
1256500762
856829535
1550531104
1170533781
434320025
2127253619
1776858913
123602041
64372834
1318034116
397029307
1205684774
1692708786
1651827766
186884321
96790652
1912042430
1843185877
293309873
1884521756
1275715686
1858174323
1937271695
1502676651
809678043
782257628
816108295
1932866401
1908608231
764122604
918689284
1017625345
1620952139
321736740
40675479
2055272165
301506711
1817534392
31390558
365879545
988084860
428419865
1571564319
533309998
2080247632
1758448640
630100650
1844806414
1454150870
923410523
1581844522
582382908
634101198
1371632569
2085059559
1443779241
6406550
753684207
1229161994
