714776193
1015050574
1036620355
1272764677
1315049940
26084722
1647074170
2020095979
1424389138
2041243609
901510593
1860670357
30033735
880533097
270153199
443573779
1047379974
131250061
512740090
1676461676
991448624
903809999
1948890297
680209187
1452684562
762107336
1682221707
440307808
1690952663
853697780
1376499059
258245209
1868748355
265635766
1531009886
1036314647
291720488
1030600409
908926978
1716109626
924360370
1810437571
1429296335
954394105
543487020
1699449534
1397967884
1590866994
1830699596
1
1910707974
1119845022
674664572
667034325
921251672
1354873759
2119718888
1683359008
889611819
412543048
1226828023
1743309599
1789042107
1485073232
1464574306
2054677873
868599471
353405306
198914713
1
1899199880
1262332284
1915024340
676076602
925286208
1196837027
1630470707
12345
1468773228
748802914
880954943
912156575
432018862
644179269
2032001597
1106683434
1311213595
805769621
1
314073546
1283448835
341644981
1203685365
1695991883
1568473005
12345
799511316
1337550342
906062589
116601975
1244744567
1774662060
12345
470007281
1443659280
1526378292
